v2.0 raw
50 69 63 6b 20 61 20 6e
75 6d 62 65 72 20 66 72
6f 6d 20 31 20 74 6f 20
36 33 0 0 44 6f 20 79
6f 75 20 73 65 65 20 79
6f 75 72 20 6e 75 6d 62
65 72 3f 0 30 31 20 30
33 20 30 35 20 30 37 20
30 39 20 31 31 20 31 33
20 31 35 20 31 37 20 31
39 20 32 31 20 32 33 20
32 35 20 32 37 20 32 39
20 33 31 20 33 33 20 33
35 20 33 37 20 33 39 20
34 31 20 34 33 20 34 35
20 34 37 20 34 39 20 35
31 20 35 33 20 35 35 20
35 37 20 35 39 20 36 31
20 36 33 0 30 32 20 30 
33 20 30 36 20 30 37 20 
31 30 20 31 31 20 31 34 
20 31 35 20 31 38 20 31 
39 20 32 32 20 32 33 20 
32 36 20 32 37 20 33 30 
20 33 31 20 33 34 20 33 
35 20 33 38 20 33 39 20 
34 32 20 34 33 20 34 36 
20 34 37 20 35 30 20 35 
31 20 35 34 20 35 35 20 
35 38 20 35 39 20 36 32 
20 36 33 0 30 34 20 30
35 20 30 36 20 30 37 20
31 32 20 31 32 20 31 33
20 31 34 20 31 35 20 32
30 20 32 31 20 32 32 20
32 33 20 32 38 20 32 39
20 33 30 20 33 31 20 33
36 20 33 37 20 33 38 20
33 39 20 34 34 20 34 35
20 34 35 20 34 36 20 34
36 20 34 37 20 35 32 20
35 33 20 35 34 20 35 35
20 36 30 20 36 31 20 36
32 20 36 33 0 30 38 20
30 39 20 31 30 20 31 31
20 31 32 20 31 33 20 31
34 20 31 35 20 32 34 20
32 35 20 32 36 20 32 37
20 32 38 20 32 39 20 33
30 20 33 31 20 34 30 20
34 31 20 34 32 20 34 33
20 34 34 20 34 35 20 34
36 20 34 37 20 35 36 20
35 37 20 35 38 20 35 39
20 36 30 20 36 31 20 36
32 20 36 33 0 31 36 20
31 37 20 31 38 20 31 39
20 32 30 20 32 31 20 32
32 20 32 33 20 32 34 20
32 35 20 32 36 20 32 37
20 32 38 20 32 39 20 33
30 20 33 31 20 34 38 20
34 39 20 35 30 20 35 31
20 35 32 20 35 33 20 35
34 20 35 35 20 35 36 20
35 37 20 35 38 20 35 39
20 36 30 20 36 31 20 36
32 20 36 33 0 33 32 20
33 33 20 33 34 20 33 35
20 33 36 20 33 37 20 33
38 20 33 39 20 34 30 20
34 31 20 34 32 20 34 33
20 34 34 20 34 35 20 34
36 20 34 37 20 34 38 20
34 39 20 35 30 20 35 31
20 35 32 20 35 33 20 35
34 20 35 35 20 35 36 20
35 37 20 35 38 20 35 39
20 36 30 20 36 31 20 36
32 20 36 33 0 59 6f 75 
72 20 6e 75 6d 62 65 72
20 69 73 2e 2e 2e 0 0
